02046000
02051000
02051500
02053200
02053800
02055100
02056900
02059500
02064000
02065500
02069700
02070000
02074500
02077200
02081500
02082950
02092500
02096846
02102908
02108000
02111180
02111500
02112120
02112360
02118500
02125000
02128000
02137727
02140991
02143000
02143040
02149000
02152100
02177000
02178400
02193340
02196000
02198100
02202600
02212600
02215100
02216180
02221525
02231000
02231342
02235200
02245500
02246000
02296500
02297155
02297310
02298123
02298608
02299950
02300700
02310947
02312200
02314500
02315500
02324400
02327100
02342933
02349900
02350900
02361000
02363000
02369800
02371500
02372250
02374500
02381600
02384540
02395120
02408540
02415000
02422500
02427250
02430085
02430615
02450250
02464000
02464146
02464360
02465493
02469800
02472000
02472500
02479155
02479300
02479560
02481000
02481510
