01013500
01022500
01030500
01031500
01047000
01052500
01054200
01055000
01057000
01073000
01078000
01118300
01121000
01123000
01134500
01137500
01139000
01139800
01142500
01144000
01162500
01169000
01170100
01181000
01187300
01195100
04296000
02070000
02430615
02472000
02221525
02074500
02481000
02231342
02137727
02479300
02059500
02046000
02196000
02178400
02427250
02082950
02216180
02069700
02111500
02342933
02363000
02324400
02371500
02297310
02246000
02298608
02149000
02051500
02065500
02235200
02092500
02053200
02395120
02245500
02315500
02297155
02111180
02374500
02300700
02128000
02350900
02143040
02102908
02112120
02096846
02152100
02469800
02372250
02298123
02231000
02296500
02051000
02408540
02450250
02193340
02465493
02212600
02464146
02143000
02422500
02479155
02053800
02140991
02215100
02314500
02055100
02118500
02430085
02381600
02202600
02299950
02464360
02198100
02349900
02177000
02361000
02125000
02108000
02081500
02479560
02464000
02312200
02064000
02472500
02112360
02384540
02369800
02327100
02415000
02056900
02077200
02481510
02310947
07346045
07340300
07149000
07148400
07180500
07083000
07196900
07261000
07067000
07301500
07068000
07315700
07056000
07145700
07208500
07197000
07226500
07335700
07263295
07299670
07184000
07315200
07071500
07301410
07142300
07060710
07057500
07151500
07066000
07195800
07167500
12390700
13340600
13310700
12411000
12186000
14138900
12414500
12048000
12167000
12189500
14362250
12388400
14187000
13018300
14309500
12010000
10396000
12447390
14137000
14096850
12095000
14216500
13023000
14325000
12178100
12377150
14138870
14301000
14166500
14138800
12374250
14306500
13083000
12092000
12025000
12115500
12381400
14400000
14182500
14185000
13011900
13331500
12147600
12056500
12082500
13011500
12145500
12013500
14236200
13313000
14303200
14316700
14308990
12035000
12144000
12117000
14306340
12141300
14092750
13161500
14154500
13340000
14305500
12041200
12383500
12147500
14222500
14158790
12175500
12043000
12054000
14139800
12025700
12143600
13240000
13235000
13337000
12073500
14141500
12488500
14185900
12115000
12451000
14020000
12358500
14158500
13338500
12040500
12375900
12020000
12114500
