01013500
01022500
01030500
01031500
01047000
01052500
01054200
01055000
01057000
01073000
01078000
01118300
01121000
01123000
01134500
01137500
01139000
01139800
01142500
01144000
01162500
01169000
01170100
01181000
01187300
01195100
04296000
07056000
07057500
07060710
07066000
07067000
07068000
07071500
07083000
07142300
07145700
07148400
07149000
07151500
07167500
07180500
07184000
07195800
07196900
07197000
07208500
07226500
07261000
07263295
07299670
07301410
07301500
07315200
07315700
07335700
07340300
07346045
10396000
12010000
12013500
12020000
12025000
12025700
12035000
12040500
12041200
12043000
12048000
12054000
12056500
12073500
12082500
12092000
12095000
12114500
12115000
12115500
12117000
12141300
12143600
12144000
12145500
12147500
12147600
12167000
12175500
12178100
12186000
12189500
12358500
12374250
12375900
12377150
12381400
12383500
12388400
12390700
12411000
12414500
12447390
12451000
12488500
13011500
13011900
13018300
13023000
13083000
13161500
13235000
13240000
13310700
13313000
13331500
13337000
13338500
13340000
13340600
14020000
14092750
14096850
14137000
14138800
14138870
14138900
14139800
14141500
14154500
14158500
14158790
14166500
14182500
14185000
14185900
14187000
14216500
14222500
14236200
14301000
14303200
14305500
14306340
14306500
14308990
14309500
14316700
14325000
14362250
14400000
