01013500
01022500
01030500
01031500
01047000
01052500
01054200
01055000
01057000
01073000
01078000
01118300
01121000
01123000
01134500
01137500
01139000
01139800
01142500
01144000
01162500
01169000
01170100
01181000
01187300
01195100
04296000
02046000
02051000
02051500
02053200
02053800
02055100
02056900
02059500
02064000
02065500
02069700
02070000
02074500
02077200
02081500
02082950
02092500
02096846
02102908
02108000
02111180
02111500
02112120
02112360
02118500
02125000
02128000
02137727
02140991
02143000
02143040
02149000
02152100
02177000
02178400
02193340
02196000
02198100
02202600
02212600
02215100
02216180
02221525
02231000
02231342
02235200
02245500
02246000
02296500
02297155
02297310
02298123
02298608
02299950
02300700
02310947
02312200
02314500
02315500
02324400
02327100
02342933
02349900
02350900
02361000
02363000
02369800
02371500
02372250
02374500
02381600
02384540
02395120
02408540
02415000
02422500
02427250
02430085
02430615
02450250
02464000
02464146
02464360
02465493
02469800
02472000
02472500
02479155
02479300
02479560
02481000
02481510
10396000
12010000
12013500
12020000
12025000
12025700
12035000
12040500
12041200
12043000
12048000
12054000
12056500
12073500
12082500
12092000
12095000
12114500
12115000
12115500
12117000
12141300
12143600
12144000
12145500
12147500
12147600
12167000
12175500
12178100
12186000
12189500
12358500
12374250
12375900
12377150
12381400
12383500
12388400
12390700
12411000
12414500
12447390
12451000
12488500
13011500
13011900
13018300
13023000
13083000
13161500
13235000
13240000
13310700
13313000
13331500
13337000
13338500
13340000
13340600
14020000
14092750
14096850
14137000
14138800
14138870
14138900
14139800
14141500
14154500
14158500
14158790
14166500
14182500
14185000
14185900
14187000
14216500
14222500
14236200
14301000
14303200
14305500
14306340
14306500
14308990
14309500
14316700
14325000
14362250
14400000
